1669677824
1669681698
1669686750
1669689646
1669692284
1669695826
1669699312
1669703029
1669706490
1669710248
1669713760
1669717401
1669720859
1669724714
1669728563
1669731714
1669735404
1669739055
1669742801
1669746229
1669749606
1669753368
1669756867
1669760562
1669764195
1669768114
1669773172
1669775986
1669778656
1669782232
1669785715
1669789430
1669792894
1669796635
1669800439
1669803798
1669807267
1669811149
1669813918
1669814755
1669817061
1669818135
1669820660
1669821795
1669824335
1669825462
1669828100
1669828924
1669831470
1669832627
1669835039
1669836026
1669838670
1669839788
1669843286
1669846959
1669881638
1669885223
1669888841
1669892436
1669896033
1669900259
1669903236
1669906832
1669910444
1669914332
1669917693
1669921231
1669924834
1669968022
1669971642
1669975234
1669978824
1669982430
1669986276
1669989626
1669993232
1669996833
1670000431
1670004064
1670007630
1670011229
1670123887
1670127494
1670127771
1670131037
1670134692
1670138227
1670141892
1670142172
1670145432
1670149065
1670152579
1670167268
1670210275
1670213901
1670214188
1670217447
1670221106
1670224644
1670227232
1670228325
1670228599
1670230831
1670231858
1670234481
1670235480
1670238038
1670239022
1670241637
1670245509
1670248830
1670252434
1670253738
1670256031
1670259632
1670263232
1670266843
1670270430
1670296680
1670300291
1670300594
1670303848
1670307501
1670311038
1670313647
1670314709
1670314994
1670317291
1670318257
1670320874
1670321875
1670324442
1670325423
1670328030
1670332001
1670335317
1670338826
1670340130
1670342430
1670346049
1670349639
1670353224
1670356875
1670383130
1670386699
1670390239
1670393907
